country,1998,1999,2000,2001,2002,2003,2004,2005,2006,2007,2008,2009,2010,2011,2012,2013,2014,2015,2016,2017,2018,2019,2020,2021,2022
Afghanistan,193,183,178,173,366,380,369,395,404,449,456,541,607.0,617.0,714.0,728.0,695.0,655.0,611.0,578.0,531.0,530.0,500.0,508.0,519.0
Angola,648,513,540,573,860,990,1320,1740,2250,3050,3670,3810,3840.0,3970.0,4730.0,5360.0,5530.0,5020.0,4190.0,3760.0,3340.0,3030.0,2140.0,2090.0,2070.0
Albania,1360,1480,1650,1880,2000,2300,2750,3320,3800,4290,4890,5140,5190.0,5130.0,4940.0,5090.0,5010.0,4880.0,4800.0,4680.0,5060.0,5330.0,5210.0,5480.0,5710.0
United Arab Emirates,41300,42500,47100,47000,45100,45700,47400,47500,49000,49100,48300,42000,39700.0,40800.0,44400.0,48000.0,49000.0,47600.0,45100.0,42800.0,43200.0,44700.0,39400.0,39400.0,39200.0
Argentina,12700,11800,11200,10300,5890,5090,4420,5400,6820,8070,9290,9360,11000.0,12500.0,13500.0,14400.0,13600.0,14000.0,13600.0,14300.0,12900.0,11500.0,9070.0,9500.0,9640.0
Armenia,932,949,990,1040,1170,1340,1550,1950,2520,3420,4360,4010,4130.0,4110.0,4400.0,4610.0,4570.0,4450.0,4180.0,4310.0,4420.0,4750.0,4220.0,4260.0,4410.0
Antigua and Barbuda,14600,14900,15100,14500,14100,14700,15000,15700,17200,18700,18500,16300,15100.0,14400.0,14500.0,14100.0,14100.0,14300.0,15100.0,15600.0,16500.0,16700.0,13800.0,13100.0,14500.0
Australia,34400,33300,31700,29600,29200,29500,33500,38500,42500,46300,51300,52900,55500.0,58600.0,68300.0,74000.0,71900.0,67200.0,60100.0,56100.0,55300.0,56000.0,53700.0,56000.0,57100.0
Austria,44200,42100,40200,37100,36400,39100,44200,49000,51600,55100,59500,58900,59000.0,58900.0,56700.0,56800.0,55600.0,52700.0,51300.0,49000.0,51000.0,51900.0,48400.0,49800.0,51500.0
Azerbaijan,806,933,945,999,1080,1170,1260,1630,2390,3380,4710,5790,6430.0,6480.0,7340.0,8350.0,8540.0,7340.0,5320.0,4480.0,4250.0,4600.0,4480.0,4530.0,4550.0
Burundi,237,218,195,191,189,167,157,177,187,211,230,240,262.0,268.0,283.0,291.0,287.0,289.0,289.0,283.0,260.0,245.0,230.0,230.0,231.0
Belgium,41900,40400,38800,35900,35000,37700,43000,47800,49700,52900,56300,56300,55800.0,54000.0,53400.0,53700.0,52700.0,50600.0,48200.0,46300.0,47900.0,48900.0,45800.0,47500.0,48700.0
Benin,584,638,720,778,772,836,956,1040,1070,1140,1250,1310,1280.0,1270.0,1270.0,1370.0,1400.0,1310.0,1230.0,1190.0,1250.0,1270.0,1280.0,1310.0,1350.0
Burkina Faso,395,420,405,411,393,446,511,583,610,632,691,733,773.0,791.0,827.0,863.0,839.0,777.0,756.0,730.0,781.0,785.0,770.0,780.0,797.0
Bangladesh,663,653,660,646,641,641,668,696,710,756,800,877,951.0,1040.0,1100.0,1170.0,1230.0,1360.0,1520.0,1660.0,1820.0,1970.0,2030.0,2180.0,2320.0
Bulgaria,2270,2300,2490,2600,2870,3300,4010,4810,5350,5970,7350,8020,8340.0,8450.0,8490.0,8510.0,8500.0,8250.0,8220.0,8300.0,8880.0,9680.0,9630.0,10100.0,10600.0
Bahrain,15900,15400,16400,16900,17600,18000,19100,21000,22300,24400,25300,22600,22600.0,21100.0,24900.0,26700.0,26600.0,25100.0,24000.0,23200.0,22900.0,22700.0,19900.0,20200.0,20400.0
Bahamas,26600,37600,39500,39000,39600,38700,38300,38700,38300,38500,37500,34800,33700.0,32600.0,32400.0,30800.0,31000.0,31800.0,32200.0,32800.0,32400.0,32900.0,26100.0,26300.0,28200.0
Bosnia and Herzegovina,2100,2180,2310,2380,2550,2830,3540,3880,4250,4860,5730,5970,5900.0,5830.0,5660.0,5910.0,5850.0,5790.0,5700.0,5580.0,5990.0,6300.0,6080.0,6320.0,6560.0
Belarus,2460,2190,2070,1910,2010,2270,2840,3570,4370,5340,6630,6800,7310.0,7380.0,7510.0,7880.0,8410.0,7500.0,6270.0,5800.0,5970.0,6490.0,6360.0,6370.0,6450.0
Belize,4390,4480,4720,4600,4660,4770,4660,4580,4660,4550,4700,4870,4610.0,4710.0,4650.0,4680.0,4700.0,4890.0,4820.0,4820.0,4810.0,4780.0,4110.0,4100.0,4270.0
Bolivia,1560,1520,1470,1400,1340,1270,1250,1290,1380,1510,1790,1950,2120.0,2330.0,2550.0,2900.0,3120.0,3290.0,3380.0,3370.0,3510.0,3590.0,3180.0,3310.0,3390.0
Brazil,7640,6410,5890,4920,4520,4170,4390,5070,6040,7670,9230,9990,11500.0,12900.0,13900.0,14300.0,13400.0,11300.0,9910.0,9480.0,9550.0,9450.0,7850.0,8090.0,8240.0
Barbados,14900,15300,16200,15600,15500,15700,16100,16800,17700,19200,19600,18900,18500.0,17500.0,17800.0,17600.0,17200.0,17500.0,17700.0,17500.0,17400.0,17700.0,14300.0,14900.0,16000.0
Brunei,22800,21800,22000,23600,25000,24800,26200,29200,34300,38300,41400,39000,39600.0,41300.0,48000.0,50800.0,47500.0,43100.0,36900.0,32500.0,30600.0,32800.0,31500.0,32000.0,32700.0
Bhutan,837,871,1050,1100,1180,1270,1350,1520,1660,2030,2140,2230,2430.0,2610.0,2710.0,2700.0,2720.0,2800.0,2940.0,3050.0,3090.0,3210.0,2840.0,2760.0,2890.0
Botswana,5070,4900,4750,4790,4270,4700,5140,6240,6770,7100,6950,6400,6670.0,7690.0,8220.0,8480.0,8500.0,7530.0,7720.0,7680.0,7820.0,7650.0,6640.0,6990.0,7220.0
Central African Republic,442,436,390,382,364,362,393,431,436,471,509,577,607.0,617.0,646.0,426.0,430.0,444.0,456.0,480.0,510.0,530.0,500.0,508.0,523.0
Canada,32000,33000,33900,33800,34400,36000,39200,44100,47900,53400,55300,51900,52900.0,54900.0,57900.0,59200.0,57600.0,52900.0,48800.0,46800.0,46800.0,47300.0,43500.0,45400.0,47000.0
Switzerland,73000,68900,67000,61800,59400,65200,72300,79900,81700,79900,79100,87100,95000.0,95800.0,99500.0,103000.0,98600.0,97700.0,93800.0,89200.0,86700.0,85900.0,82600.0,84500.0,85800.0
Chile,8670,7960,7590,7050,6620,6290,6800,7860,9140,10800,12200,12000,12800.0,14400.0,16300.0,17000.0,16500.0,15700.0,14900.0,14500.0,15200.0,15300.0,13500.0,14100.0,14500.0
China,1260,1340,1410,1480,1620,1780,1980,2230,2570,3110,3760,4420,5160.0,5870.0,6700.0,7550.0,8240.0,8760.0,9120.0,9450.0,9930.0,10500.0,10600.0,11400.0,12000.0
Cote d'Ivoire,1200,1140,975,881,831,878,1010,1180,1170,1200,1320,1430,1460.0,1290.0,1410.0,1510.0,1980.0,2030.0,2030.0,2210.0,2270.0,2330.0,2280.0,2360.0,2440.0
Cameroon,1170,1140,1050,984,976,1100,1300,1390,1440,1490,1590,1690,1670.0,1650.0,1610.0,1660.0,1700.0,1670.0,1600.0,1520.0,1550.0,1570.0,1520.0,1530.0,1560.0
"Congo, Dem. Rep.",190,171,195,206,277,237,249,253,286,322,351,360,381.0,396.0,431.0,459.0,486.0,511.0,522.0,501.0,521.0,540.0,550.0,553.0,561.0
"Congo, Rep.",916,762,855,925,976,976,1010,1420,1990,2110,2590,2980,3270.0,3150.0,3970.0,4190.0,4400.0,3430.0,2460.0,1850.0,1860.0,1840.0,1770.0,1730.0,1710.0
Colombia,4060,3620,3510,3420,3450,3300,3430,3800,4360,5120,5710,6160,6680.0,7340.0,8260.0,8910.0,9050.0,8140.0,7180.0,6460.0,6520.0,6700.0,5790.0,6030.0,6190.0
Comoros,1150,1090,1100,1030,991,1100,1250,1380,1410,1450,1560,1650,1640.0,1640.0,1610.0,1670.0,1640.0,1530.0,1470.0,1400.0,1430.0,1410.0,1400.0,1360.0,1360.0
Cape Verde,2100,2130,2120,1980,1890,2120,2490,2740,2860,3490,4000,4180,4040.0,4090.0,3900.0,3910.0,3710.0,3570.0,3480.0,3360.0,3540.0,3700.0,3060.0,3200.0,3350.0
Costa Rica,5370,5380,5350,5390,5490,5620,5740,5880,6300,7040,7770,7860,8630.0,9420.0,10500.0,11100.0,11400.0,11900.0,12300.0,12500.0,12500.0,12300.0,11500.0,11700.0,12000.0
Cuba,3540,3730,3930,4050,4110,4320,4570,5020,5640,6200,6610,6630,6670.0,6900.0,7120.0,7440.0,7550.0,8030.0,8310.0,8670.0,8990.0,9190.0,9360.0,9550.0,9750.0
Cyprus,24500,22300,21300,20800,21100,23300,26500,30400,31900,33900,38700,39400,38100.0,37900.0,33600.0,31200.0,29300.0,28900.0,27500.0,26900.0,28100.0,28500.0,26100.0,26600.0,27300.0
Czech Republic,9650,9500,9510,9330,9690,11300,13400,15800,17400,19600,22400,22600,23100.0,22600.0,22000.0,21800.0,20900.0,20400.0,19600.0,20000.0,21400.0,22500.0,22100.0,22900.0,23800.0
Germany,44100,41700,39200,36300,34400,36300,41400,45200,47600,50100,52800,52300,53000.0,55000.0,52700.0,52900.0,52500.0,50800.0,49200.0,47600.0,49400.0,50100.0,47500.0,49100.0,50700.0
Djibouti,1640,1610,1590,1570,1560,1680,1830,1870,2070,2140,2210,2280,2320.0,2380.0,2460.0,2540.0,2670.0,2830.0,2930.0,2980.0,3130.0,3370.0,3310.0,3380.0,3470.0
Dominica,6630,6530,6330,6570,6220,6520,6490,6400,6840,7140,7680,7830,8000.0,8050.0,7760.0,7510.0,8540.0,7640.0,8130.0,7710.0,8020.0,8410.0,7270.0,7240.0,7670.0
Denmark,52800,51400,48900,46100,45000,48400,55900,62800,66700,69100,73200,72200,72800.0,72100.0,69900.0,70800.0,70300.0,67200.0,64500.0,61800.0,63800.0,64700.0,63000.0,64599.0,66200.0
Dominican Republic,3870,3950,4020,4020,4210,3680,3350,3850,4530,5490,5770,5910,6340.0,6450.0,6560.0,6760.0,6990.0,7310.0,7620.0,7730.0,8100.0,8250.0,7260.0,7590.0,7890.0
Algeria,2430,2380,2390,2450,2520,2690,2950,3430,3870,4460,5100,5150,5320.0,5350.0,5890.0,6190.0,6060.0,5390.0,4860.0,4310.0,4150.0,4090.0,3570.0,3610.0,3640.0
Ecuador,3410,2770,2330,2280,2520,2940,3340,3650,3860,4090,4660,4880,5230.0,5680.0,6110.0,6510.0,6740.0,6630.0,6440.0,6390.0,6340.0,6210.0,5530.0,5590.0,5580.0
Egypt,1910,2040,2130,2100,1940,1730,1570,1550,1640,1900,2230,2550,2820.0,2980.0,3220.0,3400.0,3560.0,3710.0,3820.0,3300.0,2910.0,2740.0,3000.0,3010.0,3120.0
Eritrea,521,482,450,455,437,418,445,494,510,520,497,577,607.0,698.0,392.0,385.0,398.0,413.0,413.0,414.0,456.0,468.0,458.0,460.0,475.0
Spain,24400,24100,23700,22800,22700,25100,28900,32800,34600,36800,39000,39000,37900.0,36000.0,33500.0,32700.0,32100.0,31600.0,30600.0,29500.0,30500.0,30900.0,27400.0,29100.0,30300.0
Estonia,5750,5710,6250,6330,6730,7990,9830,12300,14300,16600,18400,17600,17500.0,18600.0,19100.0,20500.0,21000.0,20800.0,20500.0,20500.0,22200.0,23700.0,23200.0,24000.0,25000.0
Ethiopia,205,187,195,191,175,153,183,203,224,273,339,408,452.0,454.0,465.0,527.0,607.0,666.0,744.0,807.0,833.0,866.0,890.0,893.0,956.0
Finland,40800,40500,39700,37900,37200,40000,46200,50900,53300,57200,60700,58600,59000.0,58400.0,55500.0,55500.0,54500.0,52400.0,50600.0,48800.0,50200.0,50900.0,49800.0,50900.0,52100.0
Fiji,3620,3660,3340,3140,3150,3360,3960,4520,4470,4700,4820,4630,4340.0,4390.0,4690.0,5280.0,5540.0,5660.0,5870.0,5850.0,6150.0,5910.0,4890.0,5110.0,5540.0
France,40800,39500,37400,35000,33600,36100,41100,45400,47100,49700,52600,52800,52100.0,51600.0,49200.0,49100.0,47800.0,45600.0,43400.0,41700.0,42900.0,43300.0,39500.0,41700.0,43300.0
"Micronesia, Fed. Sts.",3080,3190,3310,3320,3310,3320,3200,3240,3190,3180,3140,3390,3450.0,3570.0,3570.0,3560.0,3480.0,3880.0,3790.0,3760.0,3540.0,4010.0,3950.0,3800.0,3900.0
Gabon,6220,5100,4650,5040,5260,5410,5650,6990,7150,8170,8870,9120,9340.0,9450.0,10300.0,10500.0,10300.0,8850.0,7870.0,7100.0,7110.0,7310.0,7030.0,7020.0,7130.0
United Kingdom,42500,43600,43900,42500,42500,45000,49600,54200,56200,59000,59000,53400,49900.0,48100.0,47500.0,48100.0,49300.0,49700.0,48300.0,45600.0,44200.0,44300.0,39700.0,41600.0,43500.0
Georgia,1370,1310,1190,1150,1220,1380,1590,1930,2380,2950,3420,3540,3820.0,4100.0,4700.0,5080.0,5230.0,4900.0,4530.0,4400.0,4640.0,4780.0,4270.0,4420.0,4670.0
Ghana,616,607,510,441,393,446,498,583,747,979,1390,1430,1480.0,1610.0,1730.0,2060.0,2080.0,2160.0,2010.0,2050.0,2210.0,2270.0,2340.0,2410.0,2490.0
Guinea,742,700,600,529,510,474,485,456,498,582,751,805,821.0,791.0,793.0,784.0,817.0,844.0,867.0,894.0,896.0,968.0,1020.0,1050.0,1080.0
Gambia,1040,995,930,823,641,544,616,658,797,867,981,1060,1060.0,884.0,861.0,818.0,717.0,689.0,689.0,719.0,750.0,764.0,750.0,772.0,798.0
Guinea-Bissau,253,249,315,367,437,460,498,545,548,582,618,673,690.0,745.0,714.0,717.0,706.0,711.0,722.0,741.0,750.0,815.0,760.0,766.0,779.0
Equatorial Guinea,1110,1280,1160,1320,1850,1660,2250,4930,10100,14400,17300,15100,11900.0,13400.0,15700.0,15700.0,14600.0,12100.0,9190.0,7100.0,7010.0,6400.0,5810.0,5850.0,5330.0
Greece,20800,22100,23100,24400,26200,27100,27500,28800,30600,32600,34700,35200,32700.0,28500.0,26300.0,25100.0,24300.0,22400.0,20700.0,19600.0,19800.0,20000.0,17900.0,18700.0,19700.0
Grenada,6300,6700,6910,6620,6780,7370,7010,8420,8010,8460,8800,8070,8250.0,8220.0,7970.0,8240.0,8300.0,8610.0,9280.0,9530.0,9960.0,9960.0,9410.0,9210.0,9640.0
Guatemala,2540,2570,2510,2350,2330,2330,2420,2530,2680,2940,3160,3180,3250.0,3390.0,3580.0,3790.0,3920.0,4110.0,4300.0,4470.0,4580.0,4700.0,4490.0,4600.0,4690.0
Guyana,1390,1340,1340,1290,1300,1310,1350,1380,1830,2830,4660,5030,5360.0,5610.0,6000.0,6210.0,6150.0,6080.0,6220.0,6440.0,6550.0,6760.0,7130.0,7410.0,7720.0
"Hong Kong, China",39700,40100,40400,38700,36800,36700,36800,36600,37700,39700,41100,38900,40000.0,41500.0,41200.0,43200.0,44400.0,45700.0,47700.0,50600.0,52100.0,51400.0,48600.0,50400.0,52000.0
Honduras,1440,1450,1530,1530,1550,1560,1570,1620,1680,1830,1960,1990,2060.0,2170.0,2210.0,2240.0,2200.0,2270.0,2340.0,2430.0,2410.0,2430.0,2180.0,2240.0,2270.0
Croatia,8640,8140,7890,7860,8250,9380,11300,13000,14200,15800,17400,17100,16900.0,16500.0,15400.0,15400.0,14800.0,14600.0,13900.0,14000.0,14900.0,15600.0,14500.0,15300.0,16200.0
Haiti,632,700,825,940,1050,920,852,874,984,1120,1220,1390,1340.0,1440.0,1470.0,1560.0,1580.0,1570.0,1510.0,1460.0,1470.0,1420.0,1320.0,1320.0,1310.0
Hungary,6970,6980,6930,7040,7710,9240,11300,13200,14000,14600,16100,16100,15800.0,15400.0,14800.0,15200.0,15000.0,14700.0,14600.0,14400.0,15600.0,16800.0,15900.0,16600.0,17600.0
Indonesia,1040,887,870,1060,1150,1250,1420,1550,1720,1980,2350,2580,3010.0,3500.0,4060.0,4180.0,4000.0,3810.0,3780.0,3850.0,4000.0,4130.0,3870.0,4010.0,4200.0
India,648,684,660,661,670,725,799,899,984,1130,1210,1350,1450.0,1580.0,1680.0,1700.0,1720.0,1780.0,1870.0,1980.0,2090.0,2160.0,1920.0,2140.0,2270.0
Ireland,33800,35300,36200,35300,36200,41700,49400,56400,59600,62600,61600,56000,53200.0,49000.0,46100.0,48700.0,51200.0,55900.0,57500.0,58100.0,61700.0,64400.0,65600.0,67800.0,70400.0
Iran,2810,2710,2640,2630,2740,3070,3300,3750,4330,5290,6020,6680,7430.0,8000.0,8080.0,7830.0,7170.0,5960.0,6110.0,5910.0,4720.0,3710.0,2960.0,3010.0,3040.0
Iraq,1450,2010,2400,2540,2070,1190,1800,1810,2270,2970,4300,5000,5450.0,5770.0,7150.0,7900.0,7450.0,6440.0,5930.0,5060.0,5250.0,5920.0,4680.0,4610.0,4690.0
Iceland,46200,47300,47300,45100,45100,47000,55100,64000,66500,76700,60600,50300,43100.0,43800.0,46100.0,52600.0,53100.0,55500.0,61000.0,65700.0,70600.0,74300.0,62400.0,63700.0,65000.0
Israel,29600,28700,29000,28400,27000,26000,26200,27200,27900,29800,31800,32900,35400.0,37000.0,36900.0,38900.0,40100.0,40200.0,40600.0,41400.0,43000.0,44400.0,42600.0,43900.0,45000.0
Italy,35100,34200,32800,31100,30200,32500,37000,41100,42600,44500,45900,45500,45000.0,44100.0,41000.0,39800.0,38500.0,36600.0,35500.0,34200.0,35200.0,35500.0,32299.0,33700.0,34900.0
Jamaica,4570,4850,4860,4760,4750,4790,4780,4810,5080,5350,5520,5200,5220.0,5340.0,5640.0,5620.0,5420.0,5220.0,5110.0,5180.0,5220.0,5350.0,4670.0,4730.0,5000.0
Jordan,2340,2380,2510,2560,2590,2650,2830,2960,3130,3380,3770,4060,4190.0,4210.0,4220.0,4290.0,4330.0,4390.0,4440.0,4450.0,4450.0,4490.0,4310.0,4350.0,4430.0
Japan,54400,52500,54300,54000,50700,48900,50200,51400,49700,48000,47000,46600,51600.0,54500.0,56100.0,54100.0,48500.0,43100.0,42000.0,41900.0,42800.0,42400.0,40400.0,41800.0,43100.0
Kazakhstan,2200,2010,1910,2000,2230,2520,3010,3710,4810,6170,7400,8160,8850.0,9640.0,11300.0,13300.0,13300.0,12600.0,9740.0,8760.0,8400.0,8990.0,8710.0,8870.0,9110.0
Kenya,679,669,615,588,554,557,590,646,722,867,993,985,1090.0,1160.0,1190.0,1240.0,1360.0,1440.0,1620.0,1650.0,1750.0,1870.0,1840.0,1940.0,2000.0
Kyrgyz Republic,569,467,420,411,423,474,524,570,622,756,921,1030,1010.0,1020.0,1180.0,1330.0,1380.0,1310.0,1230.0,1210.0,1270.0,1260.0,1160.0,1200.0,1230.0
Cambodia,458,467,450,455,466,488,524,583,647,731,812,841,892.0,943.0,997.0,1090.0,1130.0,1180.0,1270.0,1340.0,1440.0,1560.0,1500.0,1550.0,1620.0
Kiribati,2320,2020,2000,1970,1820,1830,1940,2150,2130,2260,2340,2280,2440.0,2430.0,2970.0,3340.0,3550.0,3850.0,3240.0,3290.0,3230.0,3500.0,2960.0,2960.0,2990.0
St. Kitts and Nevis,12400,12900,13700,13900,13700,12900,13600,14700,15500,16200,18000,17600,17500.0,18000.0,17500.0,18600.0,18200.0,18200.0,20600.0,20500.0,20600.0,21600.0,19100.0,18500.0,20200.0
South Korea,16300,16200,16500,17600,18700,19200,21200,23500,25900,29000,28900,26500,26500.0,27500.0,29100.0,30200.0,31100.0,31900.0,32600.0,33000.0,34100.0,34500.0,33000.0,34100.0,35100.0
Kuwait,31100,26200,27000,27400,27600,31500,37400,44600,52700,59000,62600,54100,50500.0,51000.0,56300.0,59500.0,56300.0,46400.0,39300.0,34200.0,34800.0,37000.0,33000.0,32400.0,32500.0
Lao,490,451,420,455,466,474,511,583,635,768,909,1070,1190.0,1330.0,1550.0,1800.0,2020.0,2200.0,2370.0,2460.0,2580.0,2590.0,2520.0,2600.0,2710.0
Lebanon,6710,6980,6900,6550,6120,5280,6200,6190,6050,6700,7340,8250,8880.0,8800.0,8570.0,8560.0,8330.0,8110.0,8060.0,8160.0,8070.0,7560.0,5370.0,4910.0,4720.0
Liberia,234,281,362,359,364,251,275,317,361,409,472,517,547.0,605.0,646.0,728.0,717.0,722.0,711.0,698.0,656.0,622.0,570.0,576.0,589.0
Libya,7290,7830,7990,7730,7530,7190,6730,8690,10700,12900,14800,14500,14700.0,5460.0,13100.0,12000.0,8400.0,6320.0,5060.0,5900.0,7080.0,7870.0,4960.0,11300.0,11800.0
St. Lucia,7790,8010,7870,7330,7300,7480,7860,7890,9040,9290,9800,9630,9720.0,10300.0,10000.0,9850.0,9760.0,9710.0,10500.0,11000.0,11200.0,11200.0,8560.0,8770.0,9660.0
Liechtenstein,123000,122000,118000,100000,94800,95400,103000,117000,130000,139000,148000,140000,,,,,,,,,,,,,
Sri Lanka,1300,1310,1310,1220,1220,1310,1390,1530,1690,1920,2170,2410,2870.0,3320.0,3810.0,3910.0,4020.0,4180.0,4230.0,4220.0,4210.0,4090.0,3720.0,3850.0,3980.0
Lesotho,979,949,870,940,860,934,1060,1290,1410,1610,1560,1430,1510.0,1580.0,1700.0,1640.0,1490.0,1460.0,1410.0,1300.0,1280.0,1320.0,1100.0,1120.0,1160.0
Lithuania,4520,4640,4810,5070,5570,6550,7870,9570,11000,13100,15400,15000,14900.0,15500.0,16000.0,17200.0,17700.0,16900.0,16500.0,16600.0,18200.0,19400.0,19600.0,20200.0,20900.0
Luxembourg,73200,72400,68500,66000,61800,64000,81900,92500,88800,106000,104000,84600,92100.0,92000.0,99600.0,95400.0,95700.0,81600.0,81900.0,82500.0,82700.0,78500.0,80900.0,82600.0,84000.0
Latvia,4530,4650,4980,5290,5740,6510,7640,9360,11100,13900,16400,17000,15000.0,14800.0,15600.0,16600.0,16900.0,16800.0,16400.0,16200.0,17200.0,18100.0,17900.0,18600.0,19600.0
Morocco,2310,2190,2090,2060,2000,2150,2400,2620,2790,2950,3270,3460,3490.0,3490.0,3380.0,3460.0,3380.0,3350.0,3200.0,3140.0,3220.0,3260.0,2980.0,3080.0,3170.0
Moldova,916,793,735,734,860,990,1190,1420,1590,1780,2270,2340,2830.0,3180.0,3560.0,4060.0,4130.0,3670.0,3530.0,3630.0,4080.0,4670.0,4560.0,4850.0,5140.0
Madagascar,474,436,435,441,408,474,445,431,411,471,545,565,559.0,559.0,567.0,583.0,574.0,544.0,522.0,512.0,521.0,530.0,470.0,473.0,485.0
Maldives,2940,3080,3100,3290,3820,4740,4940,4380,5650,5550,6570,6560,7090.0,7670.0,7510.0,7620.0,8080.0,8500.0,8970.0,9370.0,9590.0,9820.0,6490.0,7590.0,8460.0
Mexico,7900,8570,9310,9900,10300,10300,10200,10200,10800,11500,11800,10600,10800.0,10800.0,11400.0,11500.0,11600.0,11300.0,10400.0,9720.0,9560.0,9650.0,8480.0,8820.0,9010.0
Marshall Islands,4250,4400,4440,4570,4520,4360,4300,4360,4120,4270,3970,4170,4220.0,4160.0,3930.0,4350.0,4460.0,4760.0,4720.0,4840.0,5040.0,5150.0,4940.0,4830.0,4960.0
North Macedonia,3180,2970,2880,2670,2700,2940,3390,3820,4170,4490,5290,5590,5640.0,5630.0,5410.0,5640.0,5760.0,5700.0,5560.0,5390.0,5730.0,6000.0,5750.0,5970.0,6210.0
Mali,442,451,420,441,423,488,524,583,622,657,739,793,832.0,850.0,827.0,874.0,894.0,888.0,867.0,839.0,864.0,887.0,830.0,838.0,863.0
Malta,16200,16700,17100,16100,15600,17000,18500,19800,20400,21800,24700,24400,25400.0,25700.0,25100.0,26200.0,27100.0,28000.0,26200.0,26300.0,28200.0,28900.0,25400.0,26200.0,27400.0
Myanmar,668,695,709,736,772,782,777,795,827,871,901,945,991.0,1030.0,1060.0,1110.0,1150.0,1300.0,1330.0,1290.0,1270.0,1290.0,1350.0,1220.0,1230.0
Montenegro,2990,2720,2810,2830,2870,3400,4060,4640,5380,6340,7840,8100,8230.0,8450.0,7930.0,8220.0,8080.0,8050.0,7880.0,8070.0,8780.0,9300.0,7900.0,8610.0,9070.0
Mongolia,821,747,705,705,772,850,996,1140,1390,1750,2180,2150,2380.0,3010.0,4140.0,4850.0,4650.0,4220.0,3880.0,3530.0,3840.0,3920.0,3740.0,3860.0,4080.0
Mozambique,458,513,480,470,423,446,472,507,523,570,606,649,618.0,628.0,680.0,751.0,761.0,711.0,589.0,512.0,479.0,499.0,460.0,457.0,466.0
Mauritania,1310,1280,1100,955,947,990,1050,1190,1420,1510,1670,1740,1780.0,1860.0,1990.0,2070.0,1930.0,1820.0,1680.0,1670.0,1710.0,1750.0,1670.0,1690.0,1740.0
Mauritius,5970,5690,5850,5830,5770,6150,6770,7090,7380,8040,8960,9370,9610.0,9780.0,10800.0,11800.0,11900.0,11900.0,11800.0,12000.0,12800.0,13100.0,10200.0,10900.0,11500.0
Malawi,316,280,240,206,248,307,393,380,386,409,448,492,535.0,570.0,521.0,459.0,408.0,389.0,378.0,403.0,448.0,560.0,580.0,576.0,597.0
Malaysia,5750,5260,5190,5210,5520,5800,6210,6670,7270,8210,9100,9130,9820.0,10500.0,11500.0,12100.0,12300.0,11900.0,11300.0,10800.0,11100.0,11500.0,10600.0,11100.0,11600.0
Namibia,3740,3480,3360,3070,2930,3180,3800,4470,5020,5240,5230,5110,5350.0,5970.0,6490.0,6670.0,6390.0,5900.0,5270.0,5040.0,5120.0,5260.0,4500.0,4490.0,4510.0
Niger,395,373,330,323,321,348,367,418,448,471,533,577,618.0,605.0,623.0,639.0,651.0,622.0,589.0,567.0,594.0,601.0,550.0,567.0,615.0
Nigeria,695,716,705,778,918,990,1140,1300,1680,2000,2390,2460,2560.0,2540.0,2770.0,3020.0,3240.0,3130.0,2700.0,2280.0,2040.0,2070.0,2000.0,2000.0,2000.0
Nicaragua,1390,1450,1440,1430,1400,1390,1420,1470,1490,1600,1680,1660,1740.0,1830.0,1890.0,1950.0,2020.0,2100.0,2180.0,2210.0,2050.0,1940.0,1850.0,1840.0,1870.0
Netherlands,44600,44600,43200,40200,39400,43100,48800,53200,57200,60800,63800,64500,64099.0,63400.0,60000.0,59300.0,57400.0,55300.0,52100.0,51400.0,53400.0,54200.0,51100.0,52700.0,54100.0
Norway,57000,55300,54800,56100,58100,62400,70900,80800,87200,97200,106000,106000,105000.0,105000.0,112000.0,117000.0,115000.0,103000.0,90400.0,82500.0,83600.0,83200.0,78300.0,80800.0,83600.0
Nepal,332,342,345,353,350,362,367,393,423,458,521,577,642.0,733.0,873.0,964.0,971.0,988.0,978.0,1080.0,1170.0,1250.0,1190.0,1210.0,1240.0
Nauru,10400,9650,8950,8300,7420,7390,7030,7060,7510,5780,7030,7640,8430.0,9220.0,10100.0,14600.0,16500.0,15200.0,14100.0,13500.0,14900.0,16900.0,16000.0,15900.0,15800.0
New Zealand,24900,23400,21100,20300,20600,23600,28200,32200,32900,34900,34700,35700,35300.0,37500.0,41600.0,44700.0,46000.0,45100.0,43800.0,42400.0,43400.0,43700.0,41500.0,43000.0,43800.0
Oman,10300,9910,10600,11500,11700,11600,12300,13500,15800,18000,21100,21300,20900.0,19800.0,21900.0,22800.0,21000.0,19400.0,17500.0,15200.0,14700.0,14400.0,14000.0,13900.0,14500.0
Pakistan,711,684,720,749,772,794,865,937,996,1070,1110,1140,1150.0,1200.0,1270.0,1360.0,1360.0,1400.0,1460.0,1530.0,1540.0,1440.0,1270.0,1270.0,1290.0
Panama,5810,5830,5820,5630,5740,5630,5840,6070,6350,7150,7920,8290,8630.0,9950.0,10800.0,11900.0,12300.0,13500.0,14200.0,15000.0,15100.0,15200.0,12400.0,13700.0,14200.0
Peru,3400,3160,2950,2790,2860,2900,2990,3220,3500,3980,4590,4770,5250.0,5780.0,6560.0,7200.0,7210.0,7040.0,6790.0,6610.0,6740.0,6920.0,6030.0,6480.0,6740.0
Philippines,2070,1940,1770,1720,1650,1630,1690,1750,1860,2130,2440,2610,2820.0,2930.0,3240.0,3540.0,3680.0,3750.0,3830.0,3850.0,3860.0,3920.0,3430.0,3610.0,3790.0
Palau,13900,12900,12500,13100,13400,12300,12300,13100,13500,14600,14300,13300,13600.0,14300.0,14500.0,14400.0,15600.0,17600.0,18600.0,18000.0,18100.0,17000.0,14400.0,12700.0,13900.0
Papua New Guinea,1140,980,855,749,699,655,707,823,984,1330,1700,1810,2070.0,2120.0,2570.0,2800.0,3300.0,3180.0,3010.0,2820.0,2710.0,2770.0,2720.0,2760.0,2820.0
Poland,6890,6910,7000,6920,7140,7670,8190,9300,10500,12300,14500,15000,15200.0,15000.0,14900.0,15000.0,15000.0,14800.0,14100.0,13900.0,14700.0,15700.0,15200.0,15800.0,16500.0
Portugal,19300,19100,18300,17400,17100,18500,21100,23500,24100,25800,27400,27500,27300.0,26400.0,24000.0,23900.0,23400.0,22700.0,22100.0,21800.0,22900.0,23600.0,21800.0,22700.0,23800.0
Paraguay,2730,2490,2160,2070,1940,1710,1770,1930,2290,2870,3730,4140,4840.0,5210.0,5380.0,6180.0,6410.0,6260.0,6000.0,5850.0,5830.0,5620.0,5180.0,5310.0,5450.0
Palestine,2810,2800,2330,2010,1730,1910,2150,2250,2130,2220,2470,2700,2990.0,3350.0,3640.0,3890.0,3930.0,4080.0,4330.0,4280.0,4360.0,4350.0,3710.0,3830.0,4000.0
Qatar,39000,39000,40200,40200,41400,42800,47400,48500,63300,71900,79400,73600,75700.0,77900.0,82600.0,89000.0,89300.0,81600.0,71700.0,62000.0,61300.0,62400.0,56000.0,57200.0,59100.0
Romania,2500,2500,2570,2590,2840,3140,3880,4910,6100,7920,10700,11100,10300.0,10100.0,9930.0,10400.0,10700.0,10700.0,10700.0,11000.0,11900.0,12900.0,12600.0,13300.0,14000.0
Russia,3360,2720,2570,2610,3060,3610,4470,5640,7230,9370,11600,11100,11900.0,12900.0,15300.0,17000.0,16100.0,13100.0,10800.0,10000.0,10700.0,11500.0,10700.0,11100.0,11500.0
Rwanda,411,436,420,397,379,348,354,405,448,508,594,661,714.0,756.0,793.0,807.0,817.0,833.0,822.0,796.0,812.0,846.0,780.0,806.0,842.0
Saudi Arabia,12700,11900,12200,12500,12200,13200,14500,16000,17600,19600,22400,21500,22300.0,24300.0,27200.0,28500.0,28200.0,26300.0,24000.0,21800.0,22500.0,23300.0,21900.0,22100.0,22600.0
Sudan,537,513,510,514,554,599,655,760,871,1130,1310,1380,1570.0,1580.0,1720.0,1570.0,1640.0,1710.0,1670.0,1430.0,1080.0,836.0,650.0,636.0,627.0
Senegal,1090,1070,1010,955,903,1020,1140,1250,1280,1360,1500,1600,1580.0,1510.0,1500.0,1500.0,1510.0,1470.0,1410.0,1400.0,1450.0,1460.0,1430.0,1460.0,1510.0
Singapore,37900,36300,35500,32500,32100,32700,34300,36500,40500,44600,45100,44800,53400.0,56200.0,58600.0,61100.0,62200.0,59000.0,59000.0,59400.0,59300.0,59500.0,54900.0,57100.0,58300.0
Solomon Islands,1940,1800,1470,1350,1210,1200,1180,1240,1300,1390,1490,1570,1750.0,1890.0,2060.0,2420.0,2420.0,2370.0,2380.0,2420.0,2460.0,2420.0,2300.0,2290.0,2340.0
Sierra Leone,269,233,210,220,291,376,367,367,373,446,509,529,499.0,500.0,601.0,740.0,772.0,611.0,544.0,567.0,510.0,540.0,510.0,514.0,521.0
El Salvador,2760,2820,2850,2860,2910,2970,2970,3070,3200,3320,3480,3390,3430.0,3560.0,3640.0,3750.0,3750.0,3820.0,3900.0,3920.0,3980.0,4060.0,3630.0,3760.0,3850.0
Somalia,335,334,333,333,335,337,339,340,340,340,340,340,339.0,339.0,340.0,342.0,343.0,344.0,333.0,316.0,323.0,336.0,320.0,320.0,321.0
Serbia,4720,4060,2420,2260,2220,3330,4260,4850,5230,5980,7310,7750,7400.0,7200.0,6890.0,7240.0,6890.0,6620.0,6330.0,6070.0,6680.0,7170.0,7420.0,7820.0,8210.0
South Sudan,640,670,713,736,759,791,809,856,919,998,1000,1010,1020.0,943.0,963.0,1300.0,1380.0,1210.0,1060.0,1170.0,1120.0,1100.0,997.0,1020.0,1060.0
Sao Tome and Principe,790,797,787,796,800,836,917,1040,1170,1190,1240,1270,1340.0,1370.0,1390.0,1600.0,1800.0,1830.0,1880.0,1850.0,1950.0,1990.0,2060.0,2070.0,2140.0
Suriname,3240,3030,2950,2450,2810,3070,3700,4200,5030,6260,7670,8360,9060.0,9220.0,9690.0,10000.0,10200.0,9870.0,7710.0,6480.0,6220.0,6310.0,4620.0,4600.0,4610.0
Slovak Republic,8580,8370,8290,8400,8770,9700,11800,14400,16100,18500,20900,20500,20800.0,20300.0,20100.0,20400.0,20200.0,19600.0,18600.0,18100.0,19100.0,19600.0,18900.0,19800.0,20600.0
Slovenia,17400,17600,16900,16100,15900,17600,20500,23200,24700,27000,29800,29300,29200.0,28600.0,26300.0,26000.0,26100.0,24700.0,24200.0,24100.0,25600.0,26400.0,25400.0,26200.0,27300.0
Sweden,49100,48700,47400,43700,42400,45600,52100,58000,61200,64800,67500,63200,65000.0,66000.0,67000.0,69300.0,68300.0,64900.0,60400.0,57800.0,57900.0,57500.0,54000.0,54500.0,55600.0
Eswatini,2750,2690,2510,2500,2290,2370,2830,3900,4110,4310,4070,3990,4120.0,4490.0,4880.0,4950.0,4560.0,4220.0,3830.0,3700.0,3770.0,3760.0,3410.0,3420.0,3420.0
Seychelles,11600,11300,10900,10700,9980,10400,12200,14100,15700,15200,13500,12300,12200.0,12300.0,13100.0,14200.0,14700.0,15600.0,15400.0,15600.0,16400.0,16100.0,12200.0,12300.0,12700.0
Syria,6960,6340,6100,6430,6820,7180,7640,8100,8890,9900,10900,11900,12800.0,6610.0,3240.0,1510.0,1250.0,1060.0,922.0,872.0,958.0,1190.0,1220.0,1250.0,1270.0
Chad,347,311,270,279,291,293,445,595,660,781,848,997,1080.0,1040.0,1090.0,1090.0,1080.0,977.0,811.0,698.0,708.0,713.0,630.0,623.0,620.0
Togo,521,482,465,426,437,488,511,507,510,520,569,637,666.0,710.0,669.0,695.0,706.0,711.0,744.0,785.0,916.0,937.0,920.0,929.0,948.0
Thailand,3290,3080,2970,2880,2900,3040,3320,3530,3860,4370,4810,4970,5450.0,5760.0,6260.0,6410.0,6360.0,6340.0,6330.0,6510.0,6880.0,7400.0,7040.0,7210.0,7600.0
Tajikistan,284,280,255,235,248,293,354,481,585,719,909,961,1090.0,1190.0,1300.0,1490.0,1490.0,1400.0,1230.0,1120.0,1070.0,1090.0,1060.0,1090.0,1120.0
Turkmenistan,884,964,900,955,1090,1380,1720,2010,2350,2870,3680,4260,4840.0,5510.0,6300.0,7300.0,7950.0,7810.0,7590.0,6950.0,7020.0,7360.0,7310.0,7560.0,7780.0
Timor-Leste,1440,920,1050,1200,1090,934,1020,1180,1630,2280,3610,2800,3390.0,4340.0,4050.0,3600.0,2990.0,2440.0,1940.0,1960.0,1900.0,2090.0,1990.0,1800.0,1830.0
Tonga,3540,3380,3120,2980,2910,2790,2830,3050,3390,3590,3960,3820,4010.0,4430.0,4900.0,5090.0,5080.0,4930.0,4900.0,5000.0,5000.0,5250.0,5190.0,5070.0,5200.0
Trinidad and Tobago,7300,7610,8100,8920,9850,11200,12700,14200,16500,18600,21000,19500,19600.0,17400.0,19100.0,21000.0,20500.0,21000.0,18800.0,17400.0,16700.0,16900.0,15400.0,15700.0,16200.0
Tunisia,3400,3520,3400,3290,3180,3420,3800,4000,4150,4390,4680,4890,5010.0,4810.0,4900.0,4890.0,4830.0,4650.0,4420.0,4090.0,3880.0,3650.0,3300.0,3390.0,3440.0
Turkey,5430,5580,6480,5260,5230,5510,6910,8640,9810,11100,11900,11600,12500.0,13200.0,13600.0,14100.0,13900.0,13400.0,12500.0,12000.0,10900.0,9870.0,9050.0,9480.0,9700.0
Tuvalu,4080,4010,3950,3980,4820,3470,4250,4600,4710,5580,5650,5800,5230.0,5510.0,5020.0,6230.0,5150.0,6040.0,5620.0,5240.0,5670.0,5730.0,5820.0,5940.0,6130.0
Tanzania,426,513,615,602,612,599,616,633,647,669,727,805,856.0,896.0,918.0,997.0,1070.0,1090.0,1080.0,1060.0,1070.0,1120.0,1080.0,1080.0,1090.0
Uganda,458,451,405,367,364,362,367,393,436,483,521,661,809.0,989.0,941.0,897.0,905.0,922.0,889.0,807.0,781.0,805.0,800.0,826.0,842.0
Ukraine,1340,1180,1050,1070,1150,1370,1660,1950,2430,3210,3890,3410,3540.0,3620.0,3970.0,4260.0,3930.0,2940.0,2570.0,2590.0,2920.0,3430.0,3540.0,3700.0,3840.0
Uruguay,11400,11300,10600,9550,7490,5920,5410,5980,6710,7920,9340,10600,12400.0,14000.0,15100.0,17200.0,17400.0,17300.0,17200.0,17400.0,18000.0,18100.0,15800.0,16200.0,16700.0
United States,50600,52400,53900,53900,54400,55400,57000,58500,59600,60100,59500,57500,58400.0,58900.0,59800.0,60500.0,61600.0,62900.0,63500.0,64599.0,66100.0,67200.0,64500.0,68300.0,70300.0
Uzbekistan,979,1010,945,823,656,585,603,671,759,954,1190,1380,1680.0,2010.0,2450.0,2720.0,2870.0,3040.0,3100.0,2690.0,2200.0,1910.0,1740.0,1800.0,1860.0
St. Vincent and the Grenadines,5040,5150,5200,5360,5760,6100,6200,6280,6810,7320,7580,7590,7240.0,7130.0,7250.0,7350.0,7050.0,7290.0,7560.0,7620.0,7710.0,7600.0,7310.0,7300.0,7650.0
Venezuela,5400,5550,6180,6760,5810,4860,5390,6310,7630,9450,11400,12500,14000.0,13900.0,14400.0,13400.0,14400.0,13400.0,10800.0,9150.0,7610.0,5140.0,3580.0,3260.0,3180.0
Vietnam,537,544,570,588,612,641,694,798,896,1040,1190,1330,1490.0,1590.0,1750.0,1930.0,2080.0,2170.0,2240.0,2310.0,2480.0,2620.0,2650.0,2800.0,2970.0
Vanuatu,2290,2220,2150,2010,1790,1900,2080,2250,2480,2600,2980,3040,3090.0,3260.0,3210.0,3320.0,3310.0,3130.0,3140.0,3160.0,3300.0,3520.0,3190.0,3210.0,3270.0
Samoa,1850,1890,2010,2140,2220,2310,2610,2940,3190,3530,3710,3640,3840.0,4090.0,4150.0,4260.0,4220.0,4400.0,4570.0,4440.0,4220.0,4310.0,4050.0,3700.0,3730.0
Yemen,584,591,645,705,758,767,799,886,1010,1100,1220,1320,1430.0,1260.0,1430.0,1610.0,1610.0,1330.0,1290.0,1180.0,948.0,942.0,872.0,855.0,856.0
South Africa,5670,5410,5130,4690,4360,4570,5480,7100,7860,8210,8070,7820,8180.0,9030.0,9490.0,9040.0,8130.0,7340.0,6660.0,6440.0,6600.0,6800.0,6010.0,6100.0,6130.0
Zambia,569,544,495,514,525,571,603,709,896,1120,1430,1540,1590.0,1650.0,1920.0,1970.0,1990.0,1760.0,1520.0,1420.0,1500.0,1460.0,1160.0,1130.0,1110.0
Zimbabwe,979,887,765,793,714,613,590,583,548,520,400,577,832.0,1230.0,1430.0,1480.0,1510.0,1540.0,1540.0,1470.0,1410.0,1230.0,1140.0,1150.0,1170.0
