country,1998,1999,2000,2001,2002,2003,2004,2005,2006,2007,2008,2009,2010,2011,2012,2013,2014,2015,2016,2017,2018,2019,2020,2021,2022
"Congo, Dem. Rep.",190,171,195,206,277,237,249,253,286,322,351,360,381.0,396.0,431.0,459.0,486.0,511.0,522.0,501.0,521.0,540.0,550.0,553.0,561.0
Central African Republic,442,436,390,382,364,362,393,431,436,471,509,577,607.0,617.0,646.0,426.0,430.0,444.0,456.0,480.0,510.0,530.0,500.0,508.0,523.0
Sierra Leone,269,233,210,220,291,376,367,367,373,446,509,529,499.0,500.0,601.0,740.0,772.0,611.0,544.0,567.0,510.0,540.0,510.0,514.0,521.0
Afghanistan,193,183,178,173,366,380,369,395,404,449,456,541,607.0,617.0,714.0,728.0,695.0,655.0,611.0,578.0,531.0,530.0,500.0,508.0,519.0
Madagascar,474,436,435,441,408,474,445,431,411,471,545,565,559.0,559.0,567.0,583.0,574.0,544.0,522.0,512.0,521.0,530.0,470.0,473.0,485.0
Eritrea,521,482,450,455,437,418,445,494,510,520,497,577,607.0,698.0,392.0,385.0,398.0,413.0,413.0,414.0,456.0,468.0,458.0,460.0,475.0
Mozambique,458,513,480,470,423,446,472,507,523,570,606,649,618.0,628.0,680.0,751.0,761.0,711.0,589.0,512.0,479.0,499.0,460.0,457.0,466.0
Somalia,335,334,333,333,335,337,339,340,340,340,340,340,339.0,339.0,340.0,342.0,343.0,344.0,333.0,316.0,323.0,336.0,320.0,320.0,321.0
Burundi,237,218,195,191,189,167,157,177,187,211,230,240,262.0,268.0,283.0,291.0,287.0,289.0,289.0,283.0,260.0,245.0,230.0,230.0,231.0
